Identificaci贸n:  /home/jc/proyectitos_jc/aprox_Galerkin/v07/galerkin_16a.dat

Num_de_nodos     Num_de_elementos
       13                2

iNodo    coor_x    coor_y 
  1    30.000     0.000
  2    27.716    11.481
  3    21.213    21.213
  4    11.481    27.716
  5     0.000    30.000
  6    65.000     0.000
  7    45.962    45.962
  8     0.000    65.000
  9   100.000     0.000
 10    92.388    38.268
 11    70.711    70.711
 12    38.268    92.388
 13     0.000   100.000

iElem     tipoE            nodos
  1   0       1  6  9  10  11  7  3  2
  2   0       3  7  11  12  13  8  5  4

Funciones de aproximacion:
    2 
  Para ux:
    x      /100
    100*x /(x*x+y*y)
  Para uy:
    y      /100
    100*y /(x*x+y*y)

     E        nu      alfa_temp     TP/DP
   1.e3      0.000     0.000         TP      

Cargas: contorno -> puntual -> volumen(1贸0) -> termica(1贸0)
  contorno   2
    nt 5 4 3 -20.0 -20.0 -20.0 0.0 0.0 0.0
    nt 3 2 1 -20.0 -20.0 -20.0 0.0 0.0 0.0
  puntual    0
  volumen    0
  termica    0
# ___fin___

###########################################################################
Identificaci贸n: /home/jc/proyectitos_jc/aprox_Galerkin/v07/galerkin_16a.dat

Parametros [a] de la aproximacion:
  i            a_x                a_y
   0      +1.977291e-01      +1.977291e-01
   1      +1.978808e-01      +1.978808e-01

Desplazamientos en los nodos de geometria
 nodo         ux               uy
  1     +7.189215e-01     +0.000000e+00
  2     +6.641944e-01     +2.751341e-01
  3     +5.083583e-01     +5.083583e-01
  4     +2.751341e-01     +6.641944e-01
  5     +0.000000e+00     +7.189215e-01
  6     +4.329560e-01     +0.000000e+00
  7     +3.061459e-01     +3.061459e-01
  8     +0.000000e+00     +4.329560e-01
  9     +3.956099e-01     +0.000000e+00
 10     +3.654964e-01     +1.513921e-01
 11     +2.797385e-01     +2.797385e-01
 12     +1.513921e-01     +3.654964e-01
 13     +0.000000e+00     +3.956099e-01

Tensiones en los nodos
 nodo      x          y         sxx          syy          sxy         von_M
  1    30.00000    0.00000  -2.0009e+01  +2.3964e+01  +0.0000e+00   3.8133e+01
  2    27.71600   11.48100  -1.3569e+01  +1.7524e+01  -1.5548e+01   3.8134e+01
  3    21.21300   21.21300  +1.9773e+00  +1.9773e+00  -2.1987e+01   3.8134e+01
  4    11.48100   27.71600  +1.7524e+01  -1.3569e+01  -1.5548e+01   3.8134e+01
  5     0.00000   30.00000  +2.3964e+01  -2.0009e+01  +0.0000e+00   3.8133e+01
  6    65.00000    0.00000  -2.7063e+00  +6.6609e+00  +0.0000e+00   8.3497e+00
  7    45.96200   45.96200  +1.9773e+00  +1.9773e+00  -4.6836e+00   8.3497e+00
  8     0.00000   65.00000  +6.6609e+00  -2.7063e+00  +0.0000e+00   8.3497e+00
  9   100.00000    0.00000  -1.5170e-03  +3.9561e+00  +0.0000e+00   3.9569e+00
 10    92.38800   38.26800  +5.7805e-01  +3.3765e+00  -1.3992e+00   3.9569e+00
 11    70.71100   70.71100  +1.9773e+00  +1.9773e+00  -1.9788e+00   3.9568e+00
 12    38.26800   92.38800  +3.3765e+00  +5.7805e-01  -1.3992e+00   3.9569e+00
 13     0.00000  100.00000  +3.9561e+00  -1.5170e-03  +0.0000e+00   3.9569e+00

Tensiones en polares:
 nodo     srr          stt          srt
  1  -2.0009e+01   2.3964e+01   0.0000e+00
  2  -2.0010e+01   2.3964e+01   1.7764e-15
  3  -2.0010e+01   2.3964e+01   0.0000e+00
  4  -2.0010e+01   2.3964e+01  -1.7764e-15
  5  -2.0009e+01   2.3964e+01  -0.0000e+00
  6  -2.7063e+00   6.6609e+00   0.0000e+00
  7  -2.7063e+00   6.6608e+00   0.0000e+00
  8  -2.7063e+00   6.6609e+00  -0.0000e+00
  9  -1.5170e-03   3.9561e+00   0.0000e+00
 10  -1.5205e-03   3.9561e+00   0.0000e+00
 11  -1.4990e-03   3.9561e+00   0.0000e+00
 12  -1.5205e-03   3.9561e+00   0.0000e+00
 13  -1.5170e-03   3.9561e+00  -0.0000e+00

